   -1000.000     535.029222
    -999.000     533.016378
    -998.000     528.078271
    -997.000     520.257310
    -996.000     510.271404
    -995.000     499.009440
    -994.000     487.450146
    -993.000     476.554752
    -992.000     467.440592
    -991.000     460.900497
    -990.000     457.528567
    -989.000     457.855160
    -988.000     461.895208
    -987.000     469.391681
    -986.000     479.974382
    -985.000     492.651292
    -984.000     506.376500
    -983.000     519.854553
    -982.000     531.732365
    -981.000     540.532051
    -980.000     545.460253
    -979.000     545.595618
    -978.000     540.843034
    -977.000     531.544588
    -976.000     518.588345
    -975.000     502.999128
    -974.000     486.554975
    -973.000     470.510583
    -972.000     456.337341
    -971.000     445.383359
    -970.000     438.384167
    -969.000     435.963616
    -968.000     438.450366
    -967.000     445.534714
    -966.000     456.797304
    -965.000     471.525227
    -964.000     488.445953
    -963.000     506.285507
    -962.000     523.689390
    -961.000     539.003490
    -960.000     551.012769
    -959.000     558.859444
    -958.000     561.651380
    -957.000     559.512280
    -956.000     552.812202
    -955.000     542.127148
    -954.000     528.770158
    -953.000     514.023609
    -952.000     498.976697
    -951.000     485.128429
    -950.000     473.353323
    -949.000     464.480046
    -948.000     459.016221
    -947.000     457.276050
    -946.000     458.983531
    -945.000     464.046207
    -944.000     471.747878
    -943.000     481.302132
    -942.000     491.834010
    -941.000     502.347879
    -940.000     511.695376
    -939.000     519.180583
    -938.000     524.008529
    -937.000     525.701266
    -936.000     524.298371
    -935.000     519.958365
    -934.000     513.090031
    -933.000     504.590612
    -932.000     495.198393
    -931.000     485.739988
    -930.000     477.125971
    -929.000     470.044162
    -928.000     464.786828
    -927.000     461.975383
    -926.000     461.397765
    -925.000     463.048107
    -924.000     466.688294
    -923.000     471.836960
    -922.000     477.932856
    -921.000     484.637919
    -920.000     491.257394
    -919.000     497.413192
    -918.000     502.902179
    -917.000     507.349333
    -916.000     510.782377
    -915.000     513.286702
    -914.000     514.944431
    -913.000     515.862985
    -912.000     516.472569
    -911.000     516.615201
    -910.000     516.607299
    -909.000     516.423099
    -908.000     515.939420
    -907.000     515.079914
    -906.000     513.759280
    -905.000     511.648017
    -904.000     508.723227
    -903.000     504.981289
    -902.000     500.266054
    -901.000     494.889433
    -900.000     489.135357
    -899.000     483.253812
    -898.000     477.841505
    -897.000     473.345869
    -896.000     470.139690
    -895.000     468.700684
    -894.000     469.290332
    -893.000     471.835696
    -892.000     476.426691
    -891.000     482.579930
    -890.000     489.839496
    -889.000     497.499396
    -888.000     504.854615
    -887.000     510.940770
    -886.000     515.203280
    -885.000     517.009597
    -884.000     516.025750
    -883.000     512.374154
    -882.000     506.309909
    -881.000     498.399892
    -880.000     489.551779
    -879.000     480.646754
    -878.000     472.592515
    -877.000     466.328979
    -876.000     462.506303
    -875.000     461.583909
    -874.000     463.864545
    -873.000     469.258154
    -872.000     477.409790
    -871.000     487.770181
    -870.000     499.514729
    -869.000     511.538617
    -868.000     522.909094
    -867.000     532.408540
    -866.000     539.139019
    -865.000     542.482285
    -864.000     541.993718
    -863.000     537.771740
    -862.000     530.251889
    -861.000     520.150816
    -860.000     508.409284
    -859.000     496.237748
    -858.000     484.597139
    -857.000     474.540439
    -856.000     466.867106
    -855.000     462.050826
    -854.000     460.427710
    -853.000     461.981716
    -852.000     466.388727
    -851.000     473.150191
    -850.000     481.553607
    -849.000     490.646787
    -848.000     499.604775
    -847.000     507.404632
    -846.000     513.378043
    -845.000     516.889921
    -844.000     517.716939
    -843.000     515.899016
    -842.000     511.703974
    -841.000     505.809404
    -840.000     498.835734
    -839.000     491.656598
    -838.000     485.020267
    -837.000     479.627181
    -836.000     475.927453
    -835.000     474.360640
    -834.000     474.885786
    -833.000     477.527016
    -832.000     481.886774
    -831.000     487.575071
    -830.000     493.928530
    -829.000     500.393271
    -828.000     506.275623
    -827.000     511.006383
    -826.000     514.194782
    -825.000     515.499578
    -824.000     514.904676
    -823.000     512.532242
    -822.000     508.668671
    -821.000     503.794725
    -820.000     498.398405
    -819.000     493.107760
    -818.000     488.343014
    -817.000     484.637007
    -816.000     482.226114
    -815.000     481.304471
    -814.000     481.829994
    -813.000     483.707918
    -812.000     486.496077
    -811.000     489.949923
    -810.000     493.428680
    -809.000     496.525219
    -808.000     498.791598
    -807.000     499.884719
    -806.000     499.594977
    -805.000     497.978760
    -804.000     495.190026
    -803.000     491.537381
    -802.000     487.557701
    -801.000     483.718209
    -800.000     480.515918
    -799.000     478.522665
    -798.000     477.986221
    -797.000     479.142695
    -796.000     482.101487
    -795.000     486.604128
    -794.000     492.406961
    -793.000     499.065595
    -792.000     505.932787
    -791.000     512.401838
    -790.000     517.909668
    -789.000     521.783777
    -788.000     523.721306
    -787.000     523.463161
    -786.000     521.028283
    -785.000     516.553965
    -784.000     510.659696
    -783.000     503.659926
    -782.000     496.430363
    -781.000     489.510171
    -780.000     483.551174
    -779.000     479.006504
    -778.000     476.331343
    -777.000     475.505177
    -776.000     476.614814
    -775.000     479.402764
    -774.000     483.387485
    -773.000     488.113387
    -772.000     493.009769
    -771.000     497.314875
    -770.000     500.641885
    -769.000     502.548121
    -768.000     502.708078
    -767.000     501.241874
    -766.000     498.365190
    -765.000     494.272967
    -764.000     489.768486
    -763.000     485.199345
    -762.000     481.234632
    -761.000     478.313324
    -760.000     476.861718
    -759.000     476.871900
    -758.000     478.576585
    -757.000     481.639893
    -756.000     485.722877
    -755.000     490.488774
    -754.000     495.346724
    -753.000     499.766312
    -752.000     503.413819
    -751.000     505.937851
    -750.000     507.035806
    -749.000     507.022658
    -748.000     505.801169
    -747.000     503.849278
    -746.000     501.569293
    -745.000     499.424652
    -744.000     497.697496
    -743.000     496.994968
    -742.000     497.261266
    -741.000     498.663147
    -740.000     501.174642
    -739.000     504.351126
    -738.000     507.857689
    -737.000     511.286160
    -736.000     513.884852
    -735.000     515.279321
    -734.000     515.047957
    -733.000     512.843600
    -732.000     508.651850
    -731.000     502.758830
    -730.000     495.361332
    -729.000     487.214890
    -728.000     478.976278
    -727.000     471.370948
    -726.000     465.092693
    -725.000     460.925163
    -724.000     459.050689
    -723.000     459.944942
    -722.000     463.530777
    -721.000     469.500312
    -720.000     477.458480
    -719.000     486.763781
    -718.000     496.418658
    -717.000     505.677710
    -716.000     513.643888
    -715.000     519.414879
    -714.000     522.580818
    -713.000     522.863048
    -712.000     520.119983
    -711.000     514.885087
    -710.000     507.696851
    -709.000     499.186949
    -708.000     490.463816
    -707.000     482.295651
    -706.000     475.414270
    -705.000     470.689173
    -704.000     468.474694
    -703.000     469.005752
    -702.000     472.481715
    -701.000     478.558739
    -700.000     486.813121
    -699.000     496.698185
    -698.000     507.365694
    -697.000     517.748463
    -696.000     527.185845
    -695.000     534.481303
    -694.000     539.010439
    -693.000     540.335846
    -692.000     538.105943
    -691.000     532.466862
    -690.000     523.995204
    -689.000     513.205438
    -688.000     501.098516
    -687.000     488.732688
    -686.000     476.972464
    -685.000     466.799244
    -684.000     458.987483
    -683.000     454.021090
    -682.000     452.183858
    -681.000     453.646433
    -680.000     458.077444
    -679.000     465.083271
    -678.000     474.179736
    -677.000     484.349936
    -676.000     494.900318
    -675.000     504.878167
    -674.000     513.403188
    -673.000     519.807155
    -672.000     523.751048
    -671.000     524.790449
    -670.000     523.219438
    -669.000     519.317786
    -668.000     513.536913
    -667.000     506.625611
    -666.000     499.378001
    -665.000     492.295576
    -664.000     486.169091
    -663.000     481.457271
    -662.000     478.311276
    -661.000     477.084764
    -660.000     477.597852
    -659.000     479.665773
    -658.000     483.036172
    -657.000     487.294111
    -656.000     491.921369
    -655.000     496.582526
    -654.000     500.854483
    -653.000     504.339602
    -652.000     506.982326
    -651.000     508.586051
    -650.000     509.149666
    -649.000     508.859941
    -648.000     507.837655
    -647.000     506.164080
    -646.000     504.203056
    -645.000     501.925016
    -644.000     499.468869
    -643.000     496.931887
    -642.000     494.224295
    -641.000     491.347717
    -640.000     488.318832
    -639.000     485.105663
    -638.000     481.745932
    -637.000     478.470855
    -636.000     475.397893
    -635.000     472.814113
    -634.000     471.095947
    -633.000     470.477284
    -632.000     471.280544
    -631.000     473.760528
    -630.000     477.951779
    -629.000     483.865842
    -628.000     491.311464
    -627.000     499.913590
    -626.000     509.108168
    -625.000     518.313717
    -624.000     526.680976
    -623.000     533.514752
    -622.000     538.071661
    -621.000     539.819494
    -620.000     538.348293
    -619.000     533.777867
    -618.000     526.132280
    -617.000     516.146102
    -616.000     504.518046
    -615.000     492.202545
    -614.000     480.212700
    -613.000     469.588191
    -612.000     461.132870
    -611.000     455.578998
    -610.000     453.414126
    -609.000     454.770891
    -608.000     459.594333
    -607.000     467.536215
    -606.000     477.850802
    -605.000     489.704733
    -604.000     501.967666
    -603.000     513.464302
    -602.000     523.025790
    -601.000     529.709285
    -600.000     532.681226
    -599.000     531.783960
    -598.000     526.912226
    -597.000     518.744256
    -596.000     507.971705
    -595.000     495.799300
    -594.000     483.317060
    -593.000     471.761498
    -592.000     462.134885
    -591.000     455.298442
    -590.000     451.837092
    -589.000     452.041208
    -588.000     456.007485
    -587.000     463.371014
    -586.000     473.758769
    -585.000     486.297009
    -584.000     500.117528
    -583.000     514.103580
    -582.000     527.254774
    -581.000     538.319972
    -580.000     546.673866
    -579.000     551.432616
    -578.000     552.420118
    -577.000     549.612413
    -576.000     543.307434
    -575.000     534.167703
    -574.000     523.029586
    -573.000     510.778932
    -572.000     498.430841
    -571.000     486.844430
    -570.000     476.812735
    -569.000     468.878085
    -568.000     463.515507
    -567.000     460.797499
    -566.000     460.784492
    -565.000     463.209916
    -564.000     467.697720
    -563.000     473.643699
    -562.000     480.552996
    -561.000     487.543947
    -560.000     494.130668
    -559.000     499.597508
    -558.000     503.566267
    -557.000     505.685178
    -556.000     506.002149
    -555.000     504.508215
    -554.000     501.598040
    -553.000     497.710005
    -552.000     493.281363
    -551.000     488.854319
    -550.000     484.958931
    -549.000     481.850374
    -548.000     479.884458
    -547.000     479.214333
    -546.000     479.737676
    -545.000     481.475867
    -544.000     484.211293
    -543.000     487.643668
    -542.000     491.540913
    -541.000     495.699338
    -540.000     499.703214
    -539.000     503.527481
    -538.000     506.971080
    -537.000     509.885381
    -536.000     512.334427
    -535.000     514.349025
    -534.000     515.743592
    -533.000     516.834489
    -532.000     517.396665
    -531.000     517.462254
    -530.000     516.984601
    -529.000     515.875694
    -528.000     513.904363
    -527.000     511.135874
    -526.000     507.381782
    -525.000     502.629061
    -524.000     497.067269
    -523.000     490.811804
    -522.000     484.105667
    -521.000     477.497358
    -520.000     471.312062
    -519.000     466.029202
    -518.000     462.242782
    -517.000     460.233882
    -516.000     460.268714
    -515.000     462.673912
    -514.000     467.178215
    -513.000     473.708461
    -512.000     481.824234
    -511.000     490.919937
    -510.000     500.191781
    -509.000     509.068384
    -508.000     516.490123
    -507.000     521.930147
    -506.000     524.881177
    -505.000     524.948995
    -504.000     522.222577
    -503.000     517.066526
    -502.000     509.896674
    -501.000     501.525749
    -500.000     492.889796
    -499.000     484.682622
    -498.000     477.854565
    -497.000     473.036699
    -496.000     470.668090
    -495.000     470.977069
    -494.000     474.127157
    -493.000     479.635917
    -492.000     487.200889
    -491.000     496.169538
    -490.000     505.527908
    -489.000     514.542779
    -488.000     522.290750
    -487.000     527.809169
    -486.000     530.651011
    -485.000     530.455356
    -484.000     527.001053
    -483.000     520.806793
    -482.000     512.350026
    -481.000     502.279891
    -480.000     491.702575
    -479.000     481.448275
    -478.000     472.304983
    -477.000     465.139178
    -476.000     460.419126
    -475.000     458.323806
    -474.000     459.148482
    -473.000     462.527809
    -472.000     468.113359
    -471.000     475.438290
    -470.000     483.730068
    -469.000     492.199446
    -468.000     500.270374
    -467.000     507.157391
    -466.000     512.343747
    -465.000     515.679594
    -464.000     516.948415
    -463.000     516.244525
    -462.000     514.080298
    -461.000     510.678111
    -460.000     506.623868
    -459.000     502.522267
    -458.000     498.719510
    -457.000     495.614196
    -456.000     493.612278
    -455.000     492.634408
    -454.000     492.791698
    -453.000     493.974279
    -452.000     495.849196
    -451.000     498.090090
    -450.000     500.463501
    -449.000     502.410517
    -448.000     503.660325
    -447.000     504.054113
    -446.000     503.213259
    -445.000     501.238876
    -444.000     498.276627
    -443.000     494.339662
    -442.000     489.931617
    -441.000     485.399188
    -440.000     481.058739
    -439.000     477.386134
    -438.000     474.763303
    -437.000     473.248133
    -436.000     473.168728
    -435.000     474.423960
    -434.000     476.856185
    -433.000     480.270602
    -432.000     484.390170
    -431.000     488.647813
    -430.000     492.851911
    -429.000     496.545537
    -428.000     499.380055
    -427.000     501.315390
    -426.000     502.189858
    -425.000     502.086097
    -424.000     501.219059
    -423.000     499.901346
    -422.000     498.309517
    -421.000     497.004103
    -420.000     496.132864
    -419.000     496.000477
    -418.000     496.787415
    -417.000     498.566860
    -416.000     501.110194
    -415.000     504.467901
    -414.000     508.145841
    -413.000     511.800211
    -412.000     515.111558
    -411.000     517.527073
    -410.000     518.696588
    -409.000     518.426852
    -408.000     516.447178
    -407.000     512.832400
    -406.000     507.775678
    -405.000     501.587453
    -404.000     494.645030
    -403.000     487.661243
    -402.000     480.961929
    -401.000     475.198519
    -400.000     470.755704
    -399.000     467.932391
    -398.000     466.812670
    -397.000     467.529854
    -396.000     469.709146
    -395.000     473.194229
    -394.000     477.486692
    -393.000     482.132432
    -392.000     486.618467
    -391.000     490.594620
    -390.000     493.636794
    -389.000     495.610724
    -388.000     496.515894
    -387.000     496.409264
    -386.000     495.593079
    -385.000     494.427924
    -384.000     493.217604
    -383.000     492.392512
    -382.000     492.238631
    -381.000     492.901968
    -380.000     494.525466
    -379.000     497.003767
    -378.000     500.181071
    -377.000     503.740383
    -376.000     507.388928
    -375.000     510.643592
    -374.000     513.237791
    -373.000     514.799120
    -372.000     515.175635
    -371.000     514.246678
    -370.000     512.185863
    -369.000     509.053516
    -368.000     505.347266
    -367.000     501.284992
    -366.000     497.404523
    -365.000     494.004920
    -364.000     491.463206
    -363.000     489.915753
    -362.000     489.483962
    -361.000     490.069306
    -360.000     491.442175
    -359.000     493.262633
    -358.000     495.145764
    -357.000     496.555847
    -356.000     497.145883
    -355.000     496.514551
    -354.000     494.508886
    -353.000     491.090274
    -352.000     486.516661
    -351.000     481.065033
    -350.000     475.383545
    -349.000     469.971142
    -348.000     465.559810
    -347.000     462.621928
    -346.000     461.739818
    -345.000     463.111398
    -344.000     466.953106
    -343.000     473.121520
    -342.000     481.349735
    -341.000     491.146433
    -340.000     501.855914
    -339.000     512.753078
    -338.000     522.907383
    -337.000     531.653202
    -336.000     538.154577
    -335.000     541.891780
    -334.000     542.559888
    -333.000     540.093416
    -332.000     534.601012
    -331.000     526.713711
    -330.000     516.895230
    -329.000     506.055926
    -328.000     495.047626
    -327.000     484.645180
    -326.000     475.671302
    -325.000     468.762014
    -324.000     464.326593
    -323.000     462.654480
    -322.000     463.823759
    -321.000     467.569219
    -320.000     473.564232
    -319.000     481.277983
    -318.000     489.827372
    -317.000     498.530034
    -316.000     506.476361
    -315.000     512.820827
    -314.000     516.982449
    -313.000     518.550690
    -312.000     517.259998
    -311.000     513.406514
    -310.000     507.301027
    -309.000     499.592040
    -308.000     491.070718
    -307.000     482.593066
    -306.000     474.879408
    -305.000     468.734749
    -304.000     464.705551
    -303.000     463.097777
    -302.000     464.207654
    -301.000     467.946305
    -300.000     474.035355
    -299.000     482.179537
    -298.000     491.707596
    -297.000     501.922546
    -296.000     512.101735
    -295.000     521.466208
    -294.000     529.183127
    -293.000     534.814211
    -292.000     537.841869
    -291.000     538.037808
    -290.000     535.542163
    -289.000     530.570106
    -288.000     523.460563
    -287.000     515.019763
    -286.000     505.726591
    -285.000     496.243943
    -284.000     487.361257
    -283.000     479.411408
    -282.000     472.871509
    -281.000     468.087775
    -280.000     465.054815
    -279.000     463.811738
    -278.000     464.319723
    -277.000     466.258294
    -276.000     469.342829
    -275.000     473.434228
    -274.000     477.973175
    -273.000     482.810188
    -272.000     487.684810
    -271.000     492.266753
    -270.000     496.429273
    -269.000     500.156207
    -268.000     503.121206
    -267.000     505.441728
    -266.000     507.060646
    -265.000     507.802850
    -264.000     507.777205
    -263.000     506.985002
    -262.000     505.360585
    -261.000     503.024820
    -260.000     500.227872
    -259.000     496.876091
    -258.000     493.492844
    -257.000     490.238262
    -256.000     487.390265
    -255.000     485.359768
    -254.000     484.477236
    -253.000     484.825607
    -252.000     486.793371
    -251.000     490.308547
    -250.000     495.280127
    -249.000     501.572104
    -248.000     508.785354
    -247.000     516.277899
    -246.000     523.570274
    -245.000     529.866504
    -244.000     534.354761
    -243.000     536.487018
    -242.000     535.745790
    -241.000     531.634290
    -240.000     524.465075
    -239.000     514.299365
    -238.000     501.808219
    -237.000     487.950484
    -236.000     473.724188
    -235.000     460.122198
    -234.000     448.480398
    -233.000     439.544687
    -232.000     434.094256
    -231.000     432.742690
    -230.000     435.589103
    -229.000     442.482141
    -228.000     453.241751
    -227.000     466.924431
    -226.000     482.660329
    -225.000     499.411166
    -224.000     515.714722
    -223.000     530.385652
    -222.000     542.396134
    -221.000     550.634417
    -220.000     554.667016
    -219.000     554.396994
    -218.000     549.843589
    -217.000     541.736860
    -216.000     530.971973
    -215.000     518.453591
    -214.000     505.359719
    -213.000     492.901810
    -212.000     481.784557
    -211.000     473.058797
    -210.000     467.191983
    -209.000     464.516701
    -208.000     465.167922
    -207.000     469.083955
    -206.000     475.698098
    -205.000     484.634375
    -204.000     494.985918
    -203.000     505.850785
    -202.000     516.218945
    -201.000     525.189623
    -200.000     531.682870
    -199.000     535.177582
    -198.000     535.214144
    -197.000     531.568193
    -196.000     524.651786
    -195.000     514.987737
    -194.000     503.236640
    -193.000     490.571796
    -192.000     477.892105
    -191.000     466.171270
    -190.000     456.334497
    -189.000     449.103919
    -188.000     444.789702
    -187.000     443.902026
    -186.000     446.290757
    -185.000     451.801435
    -184.000     460.101916
    -183.000     470.605483
    -182.000     482.462444
    -181.000     495.090233
    -180.000     507.421264
    -179.000     518.675926
    -178.000     528.233701
    -177.000     535.337389
    -176.000     539.709002
    -175.000     541.215822
    -174.000     539.902787
    -173.000     536.004154
    -172.000     530.147378
    -171.000     522.697294
    -170.000     514.390135
    -169.000     505.847052
    -168.000     497.575873
    -167.000     490.062565
    -166.000     483.792174
    -165.000     478.868173
    -164.000     475.545233
    -163.000     473.866316
    -162.000     473.705505
    -161.000     474.983004
    -160.000     477.506100
    -159.000     480.970267
    -158.000     485.136779
    -157.000     489.701135
    -156.000     494.314541
    -155.000     498.664412
    -154.000     502.527453
    -153.000     505.496486
    -152.000     507.453734
    -151.000     508.168550
    -150.000     507.514850
    -149.000     505.489067
    -148.000     502.179537
    -147.000     497.682609
    -146.000     492.342985
    -145.000     486.486550
    -144.000     480.526546
    -143.000     474.932351
    -142.000     470.237639
    -141.000     466.809107
    -140.000     465.111857
    -139.000     465.459079
    -138.000     467.995979
    -137.000     472.827187
    -136.000     479.857999
    -135.000     488.740893
    -134.000     499.140433
    -133.000     510.364490
    -132.000     521.713097
    -131.000     532.332261
    -130.000     541.395006
    -129.000     548.025626
    -128.000     551.614473
    -127.000     551.656494
    -126.000     547.931157
    -125.000     540.642234
    -124.000     530.158723
    -123.000     517.218289
    -122.000     502.799017
    -121.000     487.920713
    -120.000     473.698075
    -119.000     461.186280
    -118.000     451.224143
    -117.000     444.524974
    -116.000     441.512383
    -115.000     442.319239
    -114.000     446.869530
    -113.000     454.682622
    -112.000     465.190897
    -111.000     477.417006
    -110.000     490.382183
    -109.000     502.944840
    -108.000     514.084169
    -107.000     522.804446
    -106.000     528.543595
    -105.000     530.890964
    -104.000     529.842283
    -103.000     525.807069
    -102.000     519.299312
    -101.000     511.141495
    -100.000     502.262244
     -99.000     493.486556
     -98.000     485.615588
     -97.000     479.428912
     -96.000     475.241979
     -95.000     473.521264
     -94.000     474.259574
     -93.000     477.389728
     -92.000     482.613565
     -91.000     489.545148
     -90.000     497.514396
     -89.000     505.960486
     -88.000     514.145058
     -87.000     521.373637
     -86.000     527.044023
     -85.000     530.719429
     -84.000     531.957031
     -83.000     530.750722
     -82.000     527.102082
     -81.000     521.267929
     -80.000     513.670848
     -79.000     504.892229
     -78.000     495.430259
     -77.000     486.024154
     -76.000     477.177451
     -75.000     469.461125
     -74.000     463.249653
     -73.000     458.939702
     -72.000     456.550048
     -71.000     456.286613
     -70.000     457.970288
     -69.000     461.392914
     -68.000     466.303177
     -67.000     472.337925
     -66.000     478.953799
     -65.000     485.899826
     -64.000     492.606532
     -63.000     498.742437
     -62.000     504.050054
     -61.000     508.317039
     -60.000     511.340005
     -59.000     513.264620
     -58.000     514.087019
     -57.000     513.876027
     -56.000     513.004619
     -55.000     511.519269
     -54.000     509.654116
     -53.000     507.700623
     -52.000     505.726908
     -51.000     503.801174
     -50.000     502.241365
     -49.000     500.815085
     -48.000     499.732758
     -47.000     498.956753
     -46.000     498.466043
     -45.000     498.163261
     -44.000     498.215193
     -43.000     498.356125
     -42.000     498.671538
     -41.000     499.124866
     -40.000     499.554360
     -39.000     499.900050
     -38.000     500.176139
     -37.000     500.064699
     -36.000     499.598254
     -35.000     498.655440
     -34.000     497.032730
     -33.000     494.758262
     -32.000     491.877376
     -31.000     488.280944
     -30.000     484.271328
     -29.000     480.012179
     -28.000     475.736226
     -27.000     471.770779
     -26.000     468.599381
     -25.000     466.279869
     -24.000     465.373972
     -23.000     465.959888
     -22.000     468.139677
     -21.000     471.994747
     -20.000     477.420651
     -19.000     484.030253
     -18.000     491.646639
     -17.000     499.732976
     -16.000     507.699344
     -15.000     515.139148
     -14.000     521.458186
     -13.000     526.150995
     -12.000     528.980188
     -11.000     529.783585
     -10.000     528.340437
      -9.000     525.120938
      -8.000     520.245668
      -7.000     514.146390
      -6.000     507.495856
      -5.000     500.740129
      -4.000     494.323301
      -3.000     488.902144
      -2.000     484.626343
      -1.000     481.727752
       0.000     480.394908